7
11
13
15
17
19
20
21
22
23
24
25
26
37
43
49
53
69
70
79
80
81
82
83
84
85
86
88
89
90
91
92
93
94
99
102
104
106
110
111
113
119
122
123
135
137
139
143
161
175
179
195
199
221
222
264
311
363
389
400
427
442
443
444
445
447
465
500
502
503
512
513
514
515
541
548
554
555
563
587
593
631
636
646
666
700
771
777
789
800
801
830
853
873
888
902
922
943
990
992
993
995
999
1000
1002
1012
1022
1024
1025
1026
1027
1028
1029
1080
1099
1153
1167
1177
1193
1194
1195
1198
1200
1234
1311
1337
1400
1414
1433
1434
1443
1456
1471
1500
1515
1521
1599
1604
1701
1723
1724
1741
1800
1801
1883
1900
1911
1925
1926
1935
1947
1962
1966
1976
1984
1990
2000
2001
2002
2003
2006
2008
2010
2020
2021
2022
2030
2048
2049
2053
2067
2077
2078
2079
2080
2081
2082
2083
2086
2087
2095
2096
2100
2101
2103
2111
2121
2122
2126
2130
2133
2150
2154
2181
2200
2201
2202
2211
2221
2222
2223
2224
2226
2232
2233
2323
2332
2345
2375
2376
2379
2404
2443
2455
2480
2525
2549
2560
2572
2598
2601
2628
2761
2762
3000
3001
3002
3003
3004
3011
3012
3014
3015
3020
3022
3030
3050
3053
3070
3072
3073
3076
3078
3090
3100
3102
3108
3128
3129
3131
3156
3200
3260
3268
3269
3283
3299
3301
3306
3310
3333
3388
3389
3391
3443
3460
3478
3500
3521
3524
3541
3542
3551
3580
3622
3671
3689
3702
3749
3780
3790
4000
4001
4002
4022
4040
4043
4063
4064
4080
4085
4100
4104
4117
4150
4157
4172
4190
4200
4242
4282
4321
4343
4369
4430
4432
4433
4434
4436
4440
4443
4444
4455
4500
4502
4506
4567
4664
4782
4786
4840
4848
4899
4911
4949
5000
5001
5002
5003
5004
5005
5006
5007
5009
5010
5011
5022
5025
5051
5053
5060
5061
5080
5090
5093
5100
5105
5122
5130
5135
5140
5150
5160
5201
5222
5223
5242
5250
5255
5258
5262
5269
5273
5280
5353
5357
5431
5432
5433
5435
5439
5443
5494
5500
5551
5552
5555
5556
5560
5594
5598
5601
5620
5631
5650
5671
5672
5673
5678
5800
5801
5858
5900
5901
5902
5903
5905
5907
5908
5909
5910
5938
5984
5985
5986
5989
5991
5994
5998
6000
6001
6002
6004
6006
6007
6010
6011
6020
6022
6036
6060
6070
6080
6081
6161
6262
6352
6363
6379
6380
6432
6443
6500
6512
6514
6543
6556
6601
6633
6653
6664
6666
6667
6668
6697
6789
6881
7000
7001
7007
7010
7011
7070
7071
7080
7081
7100
7171
7415
7434
7441
7443
7444
7445
7474
7547
7548
7634
7657
7676
7700
7771
7777
7778
7779
7788
7878
7900
7946
7989
7999
8000
8001
8002
8003
8004
8005
8006
8007
8008
8009
8010
8011
8012
8015
8016
8020
8021
8022
8023
8025
8030
8033
8035
8040
8041
8050
8051
8060
8069
8079
8080
8081
8082
8083
8084
8085
8086
8087
8089
8090
8091
8092
8094
8096
8098
8099
8100
8110
8112
8123
8124
8126
8129
8139
8140
8150
8152
8153
8154
8157
8163
8170
8181
8182
8187
8188
8190
8191
8192
8200
8291
8333
8334
8384
8402
8417
8442
8443
8444
8445
8448
8458
8475
8545
8554
8558
8570
8575
8585
8593
8621
8649
8728
8765
8787
8800
8822
8834
8868
8880
8883
8887
8888
8889
8899
8901
8989
9000
9001
9002
9009
9011
9012
9013
9017
9022
9042
9051
9054
9067
9080
9090
9091
9092
9093
9095
9100
9117
9119
9151
9156
9160
9191
9197
9200
9201
9214
9289
9295
9300
9302
9306
9333
9398
9418
9443
9446
9530
9595
9600
9633
9696
9761
9800
9802
9869
9876
9898
9901
9943
9944
9981
9993
9997
9998
9999
10000
10001
10002
10003
10004
10005
10007
10009
10010
10011
10012
10013
10015
10017
10018
10019
10020
10022
10023
10031
10040
10045
10046
10047
10050
10051
10052
10080
10081
10082
10089
10100
10101
10134
10200
10201
10205
10210
10225
10243
10249
10250
10251
10256
10302
10324
10390
10397
10443
10444
10445
10533
10554
10810
10909
10911
10934
11000
11001
11002
11007
11065
11075
11111
11112
11180
11182
11184
11210
11211
11288
11300
11371
11434
11443
11601
11602
11701
12000
12001
12084
12113
12115
12120
12134
12136
12146
12148
12151
12154
12155
12156
12158
12159
12161
12162
12166
12171
12173
12177
12180
12183
12184
12189
12191
12201
12203
12205
12207
12208
12219
12221
12224
12225
12226
12230
12233
12244
12251
12255
12262
12263
12266
12269
12270
12272
12273
12276
12278
12279
12286
12287
12292
12295
12298
12300
12319
12321
12322
12323
12324
12325
12326
12327
12328
12335
12344
12345
12362
12367
12374
12375
12378
12381
12390
12397
12399
12403
12416
12425
12428
12443
12467
12478
12480
12493
12497
12500
12501
12502
12504
12505
12506
12507
12508
12509
12511
12512
12513
12514
12515
12516
12524
12526
12527
12528
12531
12535
12537
12538
12539
12542
12548
12559
12560
12562
12569
12572
12574
12586
12590
12615
13000
13001
13084
13579
14147
14265
14344
14524
15000
15001
15002
15672
16000
16001
16006
16010
16014
16019
16022
16030
16034
16044
16992
16993
17000
17001
17010
17443
18017
18018
18080
18081
18099
18200
18245
18264
18443
19000
19071
19132
19999
20000
20001
20002
20256
20443
20547
20880
21001
21002
21025
21316
21379
22000
22022
22222
22556
23424
24442
25001
25105
25565
27015
27017
28015
28017
30000
30001
30002
30005
30006
31210
31337
32400
32764
33001
33060
35000
37215
37777
38880
40000
41794
41800
42443
44158
44444
44818
45003
45005
47001
47808
47984
47989
47990
49152
49153
49592
50000
50001
50002
50003
50004
50011
50050
50070
50080
50100
50101
50105
50160
50202
51005
51106
51235
52230
52311
52869
54138
55000
55442
55443
55553
55554
55555
60000
60001
60010
60030
60129
61613
61616
62078
63260
64295
64738
65000
